BettingAbstractionName mb6b6r0abtaaiamb
Limit false
StackSize 400
Asymmetric false
NoLimitTreeType 2
MinBet 2
AlwaysAllIn true
MinBets 0,1,2,3,4,5;0,1,2,3,4,5;0,1,2,3,4,5;0,1,2,3,4,5
MaxBets 6,6,6,6
BetSizes 0.5,0.66,0.83,1.0,1.5,2.0;0.5,0.66,0.83,1.0,1.5,2.0;0.5,0.66,0.83,1.0,1.5,2.0;0.5,0.66,0.83,1.0,1.5,2.0;0.5,0.66.0.83,1.0,1.5,2.0;0.5,0.66.0.83,1.0,1.5,2.0|0.1,0.25,0.5,0.75,1.0,2.0;0.1,0.25,0.5,0.75,1.0,2.0;0.1,0.25,0.5,0.75,1.0,2.0;0.1,0.25,0.5,0.75,1.0,2.0;0.1,0.25,0.5,0.75,1.0,2.0;0.1,0.25,0.5,0.75,1.0,2.0|0.1,0.25,0.5,0.75,1.0,2.0;0.1,0.25,0.5,0.75,1.0,2.0;0.1,0.25,0.5,0.75,1.0,2.0;0.1,0.25,0.5,0.75,1.0,2.0;0.1,0.25,0.5,0.75,1.0,2.0;0.1,0.25,0.5,0.75,1.0,2.0|0.1,0.25,0.5,0.75,1.0,2.0;0.1,0.25,0.5,0.75,1.0,2.0;0.1,0.25,0.5,0.75,1.0,2.0;0.1,0.25,0.5,0.75,1.0,2.0;0.1,0.25,0.5,0.75,1.0,2.0;0.1,0.25,0.5,0.75,1.0,2.0
ReentrantStreets 0,1,2,3
AllowableBetTos 4,5,6,7,8,9,10,12,14,16,18,20,25,30,35,40,45,50,60,70,80,90,100,120,140,160,180,200,250,300,350,400
