BettingAbstractionName p6final
Limit false
StackSize 400
Asymmetric false
NoLimitTreeType 1
MinBet 2
AlwaysAllIn true
MaxBets 6,6,6,6
MinBets 0,1,2,3,4,5;0,1,2,3,4,5;0,1,2,3,4,5;0,1,2,3,4,5
BetSizes 0.5,0.75,1.0,1.5,2.0;0.5,1.0,1.5,2.0,3.0;0.5,1.0,2.0;0.5,1.0,2.0;0.5,1.0,2.0;0.5,1.0,2.0|0.25,0.5,0.75,1.0,1.5,2.0;0.5,0.75,1.0,1.5,2.0;0.5,1.0,2.0;0.5,1.0,2.0;0.5,1.0,2.0;0.5,1.0,2.0|0.25,0.5,0.75,1.0,1.5,2.0;0.5,0.75,1.0,1.5,2.0;0.5,1.0,2.0;0.5,1.0,2.0;0.5,1.0,2.0;0.5,1.0,2.0|0.25,0.5,0.75,1.0,1.5,2.0;0.5,0.75,1.0,1.5,2.0;0.5,1.0,2.0;0.5,1.0,2.0;0.5,1.0,2.0;0.5,1.0,2.0
ReentrantStreets 0,1,2,3
LastAggressorKey true
# MergeRules 3,3,3,3,3,3,3;3,3,3,3,3,3,3;3,3,3,3,3,3,3;3,3,3,3,3,3,3
# MergeRules 2,2,2,2,2,2,2;2,2,2,2,2,2,2;2,2,2,2,2,2,2;2,2,2,2,2,2,2
MergeRules 1,1,1,1,1,1,1;1,1,1,1,1,1,1;1,1,1,1,1,1,1;1,1,1,1,1,1,1
# AllowableBetTos 2,3,4,5,6,7,8,9,10,11,12,13,14,15,16,17,18,19,20,22,24,26,28,30,33,36,40,45,50,55,60,65,70,75,80,85,90,95,100,110,120,130,140,160,180,200,225,250,275,300,350,400
AllowableBetTos 2,3,4,5,6,7,8,9,10,11,12,13,14,15,16,18,20,25,30,35,40,45,50,60,70,80,90,100,120,140,160,180,200,250,300,350,400
